BoneCount: 70
RootBone: 0
BoneName: RootNode
BoneIndex: 0
BoneParentIndex: -1
BoneChildCount: 2
1
69
1.000000 0.000000 -0.000000 0.000000
0.000000 1.000000 -0.000000 0.000000
-0.000000 -0.000000 1.000000 -0.000000
0.000000 0.000000 -0.000000 1.000000
1.000000 0.000000 0.000000 0.000000
0.000000 1.000000 0.000000 0.000000
0.000000 0.000000 1.000000 0.000000
0.000000 0.000000 0.000000 1.000000
BoneName: mixamorig:Hips
BoneIndex: 1
BoneParentIndex: 0
BoneChildCount: 4
2
56
61
66
1.000000 0.000000 -0.000000 0.000000
0.000000 1.000000 -0.000000 0.000000
-0.000000 -0.000000 1.000000 -0.000000
0.000000 1.241459 0.001710 1.000000
1.000000 -0.000002 0.000000 0.000000
0.000002 1.000000 0.000000 0.000000
-0.000000 0.000000 1.000000 -0.000000
-0.000002 -1.241459 -0.001710 1.000000
BoneName: mixamorig:Spine
BoneIndex: 2
BoneParentIndex: 1
BoneChildCount: 1
3
1.000000 -0.000002 0.000000 0.000000
0.000002 0.999696 0.024645 0.000000
-0.000000 -0.024645 0.999696 -0.000000
-0.000009 0.099386 -0.007997 1.000000
1.000000 -0.000000 0.000000 0.000000
0.000000 0.999696 -0.024645 0.000000
-0.000000 0.024645 0.999696 -0.000000
0.000009 -1.340282 0.039330 1.000000
BoneName: mixamorig:Spine1
BoneIndex: 3
BoneParentIndex: 2
BoneChildCount: 1
4
1.000000 0.000000 -0.000000 0.000000
0.000000 0.998627 0.052375 0.000000
-0.000000 -0.052375 0.998627 -0.000000
0.000000 0.115979 -0.000000 1.000000
1.000000 -0.000000 0.000000 0.000000
0.000000 0.997033 -0.076970 0.000000
0.000000 0.076970 0.997033 -0.000000
0.000009 -1.452203 0.115548 1.000000
BoneName: mixamorig:Spine2
BoneIndex: 4
BoneParentIndex: 3
BoneChildCount: 3
5
8
32
1.000000 0.000000 -0.000000 0.000000
0.000000 0.997033 -0.076970 0.000000
-0.000000 0.076970 0.997033 -0.000000
0.000000 0.132901 -0.000000 1.000000
1.000000 -0.000000 -0.000000 0.000000
0.000000 1.000000 0.000000 0.000000
-0.000000 -0.000000 1.000000 -0.000000
0.000009 -1.589296 -0.006800 1.000000
BoneName: mixamorig:Neck
BoneIndex: 5
BoneParentIndex: 4
BoneChildCount: 1
6
1.000000 0.000000 -0.000000 0.000000
0.000000 1.000000 -0.000000 0.000000
-0.000000 -0.000000 1.000000 -0.000000
0.000000 0.149071 0.059029 1.000000
1.000000 -0.000000 -0.000000 0.000000
0.000000 1.000000 0.000000 0.000000
-0.000000 -0.000000 1.000000 -0.000000
0.000009 -1.738366 -0.065830 1.000000
BoneName: mixamorig:Head
BoneIndex: 6
BoneParentIndex: 5
BoneChildCount: 1
7
1.000000 0.000000 -0.000000 0.000000
0.000000 1.000000 -0.000000 0.000000
-0.000000 -0.000000 1.000000 -0.000000
0.000000 0.109141 -0.012117 1.000000
1.000000 -0.000000 -0.000000 0.000000
0.000000 1.000000 0.000000 0.000000
-0.000000 -0.000000 1.000000 -0.000000
0.000009 -1.847508 -0.053713 1.000000
BoneName: mixamorig:HeadTop_End
BoneIndex: 7
BoneParentIndex: 6
BoneChildCount: 0
1.000000 0.000000 -0.000000 0.000000
0.000000 1.000000 -0.000000 0.000000
-0.000000 -0.000000 1.000000 -0.000000
-0.001183 0.339045 -0.023808 1.000000
1.000000 -0.000000 -0.000000 0.000000
0.000000 1.000000 0.000000 0.000000
-0.000000 -0.000000 1.000000 -0.000000
0.001192 -2.186553 -0.029904 1.000000
BoneName: mixamorig:LeftShoulder
BoneIndex: 8
BoneParentIndex: 4
BoneChildCount: 1
9
0.002619 -0.000000 0.999997 0.000000
0.997686 -0.067940 -0.002613 0.000000
0.067940 0.997689 -0.000178 -0.000000
0.082982 0.120595 0.058917 1.000000
0.002619 0.997686 0.067940 0.000000
-0.000000 -0.067941 0.997689 0.000000
0.999997 -0.002613 -0.000178 -0.000000
-0.065934 0.033561 -1.711565 1.000000
BoneName: mixamorig:LeftArm
BoneIndex: 9
BoneParentIndex: 8
BoneChildCount: 1
10
0.999997 -0.002612 -0.000178 0.000000
0.002618 0.997443 0.071424 0.000000
-0.000009 -0.071424 0.997446 -0.000000
-0.000000 0.086416 -0.000000 1.000000
0.000001 0.999994 -0.003492 0.000000
-0.000000 0.003492 0.999994 0.000000
1.000000 -0.000001 0.000000 -0.000000
-0.065491 -0.175138 -1.703418 1.000000
BoneName: mixamorig:LeftForeArm
BoneIndex: 10
BoneParentIndex: 9
BoneChildCount: 1
11
0.999848 0.017452 -0.000000 0.000000
-0.017452 0.999848 -0.000000 0.000000
-0.000000 -0.000000 1.000000 -0.000000
-0.000000 0.284466 -0.000000 1.000000
0.017453 0.999842 -0.003492 0.000000
0.000061 0.003491 0.999994 0.000000
0.999848 -0.017453 0.000000 -0.000000
-0.073502 -0.458391 -1.703418 1.000000
BoneName: mixamorig:LeftHand
BoneIndex: 11
BoneParentIndex: 10
BoneChildCount: 5
12
16
20
24
28
1.000000 0.000000 -0.000000 0.000000
0.000000 1.000000 -0.000000 0.000000
-0.000000 -0.000000 1.000000 -0.000000
-0.000000 0.279888 -0.000000 1.000000
0.017453 0.999842 -0.003492 0.000000
0.000061 0.003491 0.999994 0.000000
0.999848 -0.017453 0.000000 -0.000000
-0.073502 -0.738280 -1.703418 1.000000
BoneName: mixamorig:LeftHandThumb1
BoneIndex: 12
BoneParentIndex: 11
BoneChildCount: 1
13
0.860298 0.509322 0.021873 0.000000
-0.447213 0.774594 -0.447219 0.000000
-0.244721 0.374959 0.894157 -0.000000
-0.027365 0.038376 -0.019420 1.000000
0.524180 0.768228 0.367507 0.000000
0.023704 -0.444539 0.895446 0.000000
0.851278 -0.460663 -0.251228 -0.000000
-0.472094 0.172155 -1.785682 1.000000
BoneName: mixamorig:LeftHandThumb2
BoneIndex: 13
BoneParentIndex: 12
BoneChildCount: 1
14
1.000000 -0.000007 -0.000000 0.000000
0.000007 1.000000 0.000009 0.000000
0.000000 -0.000009 1.000000 -0.000000
0.000000 0.040782 -0.000000 1.000000
0.524174 0.768235 0.367500 0.000000
0.023707 -0.444531 0.895450 0.000000
0.851281 -0.460659 -0.251224 -0.000000
-0.472095 0.131354 -1.785684 1.000000
BoneName: mixamorig:LeftHandThumb3
BoneIndex: 14
BoneParentIndex: 13
BoneChildCount: 1
15
1.000000 0.000008 0.000000 0.000000
-0.000008 1.000000 0.000002 0.000000
-0.000000 -0.000002 1.000000 -0.000000
0.000000 0.036919 -0.000000 1.000000
0.524180 0.768232 0.367498 0.000000
0.023704 -0.444529 0.895451 0.000000
0.851278 -0.460666 -0.251223 -0.000000
-0.472094 0.094435 -1.785684 1.000000
BoneName: mixamorig:LeftHandThumb4
BoneIndex: 15
BoneParentIndex: 14
BoneChildCount: 0
1.000000 0.000000 -0.000000 0.000000
0.000000 1.000000 -0.000000 0.000000
-0.000000 -0.000000 1.000000 -0.000000
0.000000 0.031115 -0.000000 1.000000
0.524180 0.768232 0.367498 0.000000
0.023704 -0.444529 0.895451 0.000000
0.851278 -0.460666 -0.251223 -0.000000
-0.472094 0.063320 -1.785684 1.000000
BoneName: mixamorig:LeftHandIndex1
BoneIndex: 16
BoneParentIndex: 11
BoneChildCount: 1
17
1.000000 0.000000 -0.000000 0.000000
0.000000 1.000000 -0.000000 0.000000
-0.000000 -0.000000 1.000000 -0.000000
-0.026199 0.134734 -0.003632 1.000000
0.017457 0.999842 -0.003489 0.000000
0.000061 0.003488 0.999994 0.000000
0.999848 -0.017458 -0.000000 -0.000000
-0.047307 -0.873008 -1.699789 1.000000
BoneName: mixamorig:LeftHandIndex2
BoneIndex: 17
BoneParentIndex: 16
BoneChildCount: 1
18
1.000000 0.000000 -0.000000 0.000000
0.000000 1.000000 -0.000000 0.000000
-0.000000 -0.000000 1.000000 -0.000000
-0.000000 0.029785 -0.000000 1.000000
0.017459 0.999842 -0.003488 0.000000
0.000061 0.003488 0.999994 0.000000
0.999848 -0.017460 -0.000000 -0.000000
-0.047309 -0.902792 -1.699789 1.000000
BoneName: mixamorig:LeftHandIndex3
BoneIndex: 18
BoneParentIndex: 17
BoneChildCount: 1
19
1.000000 -0.000009 0.000000 0.000000
0.000009 1.000000 0.000001 0.000000
-0.000000 -0.000001 1.000000 -0.000000
-0.000000 0.026551 -0.000000 1.000000
0.017450 0.999842 -0.003489 0.000000
0.000061 0.003489 0.999994 0.000000
0.999848 -0.017450 -0.000000 -0.000000
-0.047300 -0.929345 -1.699788 1.000000
BoneName: mixamorig:LeftHandIndex4
BoneIndex: 19
BoneParentIndex: 18
BoneChildCount: 0
1.000000 0.000000 -0.000000 0.000000
0.000000 1.000000 -0.000000 0.000000
-0.000000 -0.000000 1.000000 -0.000000
-0.000000 0.026193 -0.000000 1.000000
0.017450 0.999842 -0.003489 0.000000
0.000061 0.003489 0.999994 0.000000
0.999848 -0.017450 -0.000000 -0.000000
-0.047300 -0.955538 -1.699788 1.000000
BoneName: mixamorig:LeftHandMiddle1
BoneIndex: 20
BoneParentIndex: 11
BoneChildCount: 1
21
1.000000 0.000000 -0.000000 0.000000
0.000000 1.000000 -0.000000 0.000000
-0.000000 -0.000000 1.000000 -0.000000
0.000000 0.145450 -0.000000 1.000000
0.017455 0.999842 -0.003497 0.000000
0.000061 0.003496 0.999994 0.000000
0.999848 -0.017455 0.000000 -0.000000
-0.073505 -0.883737 -1.703414 1.000000
BoneName: mixamorig:LeftHandMiddle2
BoneIndex: 21
BoneParentIndex: 20
BoneChildCount: 1
22
1.000000 0.000014 -0.000000 0.000000
-0.000014 1.000000 -0.000015 0.000000
0.000000 0.000015 1.000000 -0.000000
-0.000000 0.028189 -0.000000 1.000000
0.017469 0.999841 -0.003482 0.000000
0.000061 0.003482 0.999994 0.000000
0.999847 -0.017469 -0.000000 -0.000000
-0.073517 -0.911900 -1.703427 1.000000
BoneName: mixamorig:LeftHandMiddle3
BoneIndex: 22
BoneParentIndex: 21
BoneChildCount: 1
23
1.000000 -0.000015 0.000000 0.000000
0.000015 1.000000 -0.000011 0.000000
-0.000000 0.000011 1.000000 -0.000000
-0.000000 0.026906 -0.000000 1.000000
0.017454 0.999842 -0.003471 0.000000
0.000061 0.003471 0.999994 0.000000
0.999848 -0.017454 -0.000000 -0.000000
-0.073503 -0.938789 -1.703438 1.000000
BoneName: mixamorig:LeftHandMiddle4
BoneIndex: 23
BoneParentIndex: 22
BoneChildCount: 0
1.000000 0.000000 -0.000000 0.000000
0.000000 1.000000 -0.000000 0.000000
-0.000000 -0.000000 1.000000 -0.000000
-0.000000 0.025276 -0.000000 1.000000
0.017454 0.999842 -0.003471 0.000000
0.000061 0.003471 0.999994 0.000000
0.999848 -0.017454 -0.000000 -0.000000
-0.073503 -0.964065 -1.703438 1.000000
BoneName: mixamorig:LeftHandRing1
BoneIndex: 24
BoneParentIndex: 11
BoneChildCount: 1
25
1.000000 0.000000 -0.000000 0.000000
0.000000 1.000000 -0.000000 0.000000
-0.000000 -0.000000 1.000000 -0.000000
0.029860 0.136238 0.002541 1.000000
0.017453 0.999842 -0.003491 0.000000
0.000061 0.003491 0.999994 0.000000
0.999848 -0.017453 -0.000000 -0.000000
-0.103363 -0.874517 -1.705960 1.000000
BoneName: mixamorig:LeftHandRing2
BoneIndex: 25
BoneParentIndex: 24
BoneChildCount: 1
26
1.000000 -0.000015 0.000000 0.000000
0.000015 1.000000 0.000001 0.000000
-0.000000 -0.000001 1.000000 -0.000000
-0.000000 0.026442 -0.000000 1.000000
0.017438 0.999842 -0.003492 0.000000
0.000061 0.003491 0.999994 0.000000
0.999848 -0.017438 -0.000000 -0.000000
-0.103350 -0.900962 -1.705959 1.000000
BoneName: mixamorig:LeftHandRing3
BoneIndex: 26
BoneParentIndex: 25
BoneChildCount: 1
27
1.000000 0.000031 -0.000000 0.000000
-0.000031 1.000000 -0.000002 0.000000
0.000000 0.000002 1.000000 -0.000000
-0.000000 0.025476 -0.000000 1.000000
0.017469 0.999841 -0.003490 0.000000
0.000061 0.003489 0.999994 0.000000
0.999847 -0.017469 0.000000 -0.000000
-0.103378 -0.926431 -1.705961 1.000000
BoneName: mixamorig:LeftHandRing4
BoneIndex: 27
BoneParentIndex: 26
BoneChildCount: 0
1.000000 0.000000 -0.000000 0.000000
0.000000 1.000000 -0.000000 0.000000
-0.000000 -0.000000 1.000000 -0.000000
-0.000000 0.021776 -0.000000 1.000000
0.017469 0.999841 -0.003490 0.000000
0.000061 0.003489 0.999994 0.000000
0.999847 -0.017469 0.000000 -0.000000
-0.103378 -0.948207 -1.705961 1.000000
BoneName: mixamorig:LeftHandPinky1
BoneIndex: 28
BoneParentIndex: 11
BoneChildCount: 1
29
1.000000 -0.000018 0.000000 0.000000
0.000018 1.000000 -0.000003 0.000000
-0.000000 0.000003 1.000000 -0.000000
0.049809 0.122718 -0.004768 1.000000
0.017435 0.999842 -0.003489 0.000000
0.000061 0.003488 0.999994 0.000000
0.999848 -0.017435 -0.000000 -0.000000
-0.123296 -0.860994 -1.698653 1.000000
BoneName: mixamorig:LeftHandPinky2
BoneIndex: 29
BoneParentIndex: 28
BoneChildCount: 1
30
1.000000 0.000023 -0.000000 0.000000
-0.000023 1.000000 -0.000002 0.000000
0.000000 0.000002 1.000000 -0.000000
-0.000000 0.019899 -0.000000 1.000000
0.017458 0.999842 -0.003487 0.000000
0.000061 0.003486 0.999994 0.000000
0.999848 -0.017459 -0.000000 -0.000000
-0.123317 -0.880887 -1.698655 1.000000
BoneName: mixamorig:LeftHandPinky3
BoneIndex: 30
BoneParentIndex: 29
BoneChildCount: 1
31
1.000000 -0.000025 0.000000 0.000000
0.000025 1.000000 0.000005 0.000000
-0.000000 -0.000005 1.000000 -0.000000
-0.000000 0.017025 -0.000000 1.000000
0.017434 0.999842 -0.003492 0.000000
0.000061 0.003491 0.999994 0.000000
0.999848 -0.017434 -0.000000 -0.000000
-0.123295 -0.897924 -1.698650 1.000000
BoneName: mixamorig:LeftHandPinky4
BoneIndex: 31
BoneParentIndex: 30
BoneChildCount: 0
1.000000 0.000000 -0.000000 0.000000
0.000000 1.000000 -0.000000 0.000000
-0.000000 -0.000000 1.000000 -0.000000
-0.000000 0.015862 -0.000000 1.000000
0.017434 0.999842 -0.003492 0.000000
0.000061 0.003491 0.999994 0.000000
0.999848 -0.017434 -0.000000 -0.000000
-0.123295 -0.913785 -1.698650 1.000000
BoneName: mixamorig:RightShoulder
BoneIndex: 32
BoneParentIndex: 4
BoneChildCount: 1
33
0.002619 0.000000 -0.999997 0.000000
-0.997188 -0.074897 -0.002612 0.000000
-0.074897 0.997191 -0.000196 -0.000000
-0.083822 0.120013 0.058916 1.000000
0.002619 -0.997188 -0.074897 0.000000
0.000000 -0.074897 0.997191 0.000000
-0.999997 -0.002612 -0.000196 -0.000000
0.065936 0.044600 -1.710773 1.000000
BoneName: mixamorig:RightArm
BoneIndex: 33
BoneParentIndex: 32
BoneChildCount: 1
34
0.999997 0.002611 0.000196 0.000000
-0.002618 0.997443 0.071416 0.000000
-0.000009 -0.071416 0.997447 -0.000000
-0.000000 0.086416 0.000000 1.000000
0.000001 -0.999994 -0.003491 0.000000
0.000000 -0.003491 0.999994 0.000000
-1.000000 -0.000001 -0.000000 -0.000000
0.065491 -0.164058 -1.703419 1.000000
BoneName: mixamorig:RightForeArm
BoneIndex: 34
BoneParentIndex: 33
BoneChildCount: 1
35
0.999848 -0.017452 -0.000000 0.000000
0.017452 0.999848 -0.000000 0.000000
-0.000000 -0.000000 1.000000 -0.000000
-0.000000 0.291514 0.000000 1.000000
0.017452 -0.999842 -0.003490 0.000000
0.000061 -0.003489 0.999994 0.000000
-0.999848 -0.017453 -0.000000 -0.000000
0.073432 -0.454362 -1.703419 1.000000
BoneName: mixamorig:RightHand
BoneIndex: 35
BoneParentIndex: 34
BoneChildCount: 5
36
40
44
48
52
1.000000 0.000000 -0.000000 0.000000
0.000000 1.000000 -0.000000 0.000000
-0.000000 -0.000000 1.000000 -0.000000
-0.000000 0.275732 0.000000 1.000000
0.017452 -0.999842 -0.003490 0.000000
0.000061 -0.003489 0.999994 0.000000
-0.999848 -0.017453 -0.000000 -0.000000
0.073432 -0.730094 -1.703419 1.000000
BoneName: mixamorig:RightHandThumb1
BoneIndex: 36
BoneParentIndex: 35
BoneChildCount: 1
37
0.861005 -0.508231 -0.019278 0.000000
0.447217 0.774602 -0.447201 0.000000
0.242214 0.376421 0.894226 -0.000000
0.026233 0.033400 -0.017696 1.000000
0.523244 -0.765114 -0.375254 0.000000
-0.017452 -0.449874 0.892922 0.000000
-0.852004 -0.460667 -0.248747 -0.000000
0.461167 0.183560 -1.783380 1.000000
BoneName: mixamorig:RightHandThumb2
BoneIndex: 37
BoneParentIndex: 36
BoneChildCount: 1
38
1.000000 -0.000005 -0.000000 0.000000
0.000005 1.000000 -0.000013 0.000000
0.000000 0.000013 1.000000 -0.000000
-0.000000 0.037194 0.000000 1.000000
0.523248 -0.765107 -0.375264 0.000000
-0.017450 -0.449885 0.892916 0.000000
-0.852002 -0.460668 -0.248753 -0.000000
0.461166 0.146392 -1.783378 1.000000
BoneName: mixamorig:RightHandThumb3
BoneIndex: 38
BoneParentIndex: 37
BoneChildCount: 1
39
1.000000 0.000015 0.000000 0.000000
-0.000015 1.000000 -0.000005 0.000000
-0.000000 0.000005 1.000000 -0.000000
-0.000000 0.036080 0.000000 1.000000
0.523236 -0.765113 -0.375268 0.000000
-0.017457 -0.449889 0.892914 0.000000
-0.852009 -0.460654 -0.248755 -0.000000
0.461167 0.110313 -1.783377 1.000000
BoneName: mixamorig:RightHandThumb4
BoneIndex: 39
BoneParentIndex: 38
BoneChildCount: 0
1.000000 0.000000 -0.000000 0.000000
0.000000 1.000000 -0.000000 0.000000
-0.000000 -0.000000 1.000000 -0.000000
-0.000000 0.031433 0.000000 1.000000
0.523236 -0.765113 -0.375268 0.000000
-0.017457 -0.449889 0.892914 0.000000
-0.852009 -0.460654 -0.248755 -0.000000
0.461167 0.078880 -1.783377 1.000000
BoneName: mixamorig:RightHandIndex1
BoneIndex: 40
BoneParentIndex: 35
BoneChildCount: 1
41
1.000000 0.000011 0.000000 0.000000
-0.000011 1.000000 0.000001 0.000000
-0.000000 -0.000001 1.000000 -0.000000
0.026201 0.120024 -0.005237 1.000000
0.017441 -0.999842 -0.003489 0.000000
0.000061 -0.003488 0.999994 0.000000
-0.999848 -0.017441 0.000000 -0.000000
0.047221 -0.850120 -1.698181 1.000000
BoneName: mixamorig:RightHandIndex2
BoneIndex: 41
BoneParentIndex: 40
BoneChildCount: 1
42
1.000000 -0.000016 -0.000000 0.000000
0.000016 1.000000 -0.000005 0.000000
0.000000 0.000005 1.000000 -0.000000
-0.000000 0.029786 0.000000 1.000000
0.017457 -0.999842 -0.003494 0.000000
0.000061 -0.003493 0.999994 0.000000
-0.999848 -0.017457 -0.000000 -0.000000
0.047235 -0.879897 -1.698186 1.000000
BoneName: mixamorig:RightHandIndex3
BoneIndex: 42
BoneParentIndex: 41
BoneChildCount: 1
43
1.000000 0.000000 -0.000000 0.000000
0.000000 1.000000 -0.000000 0.000000
-0.000000 -0.000000 1.000000 -0.000000
-0.000000 0.025987 0.000000 1.000000
0.017456 -0.999842 -0.003491 0.000000
0.000061 -0.003490 0.999994 0.000000
-0.999848 -0.017456 -0.000000 -0.000000
0.047235 -0.905889 -1.698183 1.000000
BoneName: mixamorig:RightHandIndex4
BoneIndex: 43
BoneParentIndex: 42
BoneChildCount: 0
1.000000 0.000000 -0.000000 0.000000
0.000000 1.000000 -0.000000 0.000000
-0.000000 -0.000000 1.000000 -0.000000
-0.000000 0.027057 0.000000 1.000000
0.017456 -0.999842 -0.003491 0.000000
0.000061 -0.003490 0.999994 0.000000
-0.999848 -0.017456 -0.000000 -0.000000
0.047235 -0.932945 -1.698183 1.000000
BoneName: mixamorig:RightHandMiddle1
BoneIndex: 44
BoneParentIndex: 35
BoneChildCount: 1
45
1.000000 0.000000 -0.000000 0.000000
0.000000 1.000000 -0.000000 0.000000
-0.000000 -0.000000 1.000000 -0.000000
0.000000 0.129337 0.000000 1.000000
0.017456 -0.999842 -0.003491 0.000000
0.000061 -0.003491 0.999994 0.000000
-0.999848 -0.017456 -0.000000 -0.000000
0.073435 -0.859427 -1.703421 1.000000
BoneName: mixamorig:RightHandMiddle2
BoneIndex: 45
BoneParentIndex: 44
BoneChildCount: 1
46
1.000000 0.000000 -0.000000 0.000000
0.000000 1.000000 -0.000000 0.000000
-0.000000 -0.000000 1.000000 -0.000000
-0.000000 0.028188 0.000000 1.000000
0.017453 -0.999842 -0.003491 0.000000
0.000061 -0.003490 0.999994 0.000000
-0.999848 -0.017453 -0.000000 -0.000000
0.073432 -0.887617 -1.703420 1.000000
BoneName: mixamorig:RightHandMiddle3
BoneIndex: 46
BoneParentIndex: 45
BoneChildCount: 1
47
1.000000 0.000000 -0.000000 0.000000
0.000000 1.000000 -0.000000 0.000000
-0.000000 -0.000000 1.000000 -0.000000
-0.000000 0.026578 0.000000 1.000000
0.017456 -0.999842 -0.003491 0.000000
0.000061 -0.003490 0.999994 0.000000
-0.999848 -0.017456 -0.000000 -0.000000
0.073435 -0.914195 -1.703420 1.000000
BoneName: mixamorig:RightHandMiddle4
BoneIndex: 47
BoneParentIndex: 46
BoneChildCount: 0
1.000000 0.000000 -0.000000 0.000000
0.000000 1.000000 -0.000000 0.000000
-0.000000 -0.000000 1.000000 -0.000000
-0.000000 0.026841 0.000000 1.000000
0.017456 -0.999842 -0.003491 0.000000
0.000061 -0.003490 0.999994 0.000000
-0.999848 -0.017456 -0.000000 -0.000000
0.073435 -0.941036 -1.703420 1.000000
BoneName: mixamorig:RightHandRing1
BoneIndex: 48
BoneParentIndex: 35
BoneChildCount: 1
49
1.000000 0.000000 -0.000000 0.000000
0.000000 1.000000 -0.000000 0.000000
-0.000000 -0.000000 1.000000 -0.000000
-0.032549 0.123816 0.000111 1.000000
0.017455 -0.999842 -0.003491 0.000000
0.000061 -0.003491 0.999994 0.000000
-0.999848 -0.017455 -0.000000 -0.000000
0.105983 -0.853906 -1.703532 1.000000
BoneName: mixamorig:RightHandRing2
BoneIndex: 49
BoneParentIndex: 48
BoneChildCount: 1
50
1.000000 -0.000009 -0.000000 0.000000
0.000009 1.000000 0.000006 0.000000
0.000000 -0.000006 1.000000 -0.000000
-0.000000 0.026442 0.000000 1.000000
0.017464 -0.999841 -0.003485 0.000000
0.000061 -0.003485 0.999994 0.000000
-0.999847 -0.017464 0.000000 -0.000000
0.105991 -0.880358 -1.703526 1.000000
BoneName: mixamorig:RightHandRing3
BoneIndex: 50
BoneParentIndex: 49
BoneChildCount: 1
51
1.000000 0.000010 0.000000 0.000000
-0.000010 1.000000 -0.000007 0.000000
-0.000000 0.000007 1.000000 -0.000000
-0.000000 0.028895 0.000000 1.000000
0.017454 -0.999842 -0.003492 0.000000
0.000061 -0.003492 0.999994 0.000000
-0.999848 -0.017454 -0.000000 -0.000000
0.105982 -0.909242 -1.703533 1.000000
BoneName: mixamorig:RightHandRing4
BoneIndex: 51
BoneParentIndex: 50
BoneChildCount: 0
1.000000 0.000000 -0.000000 0.000000
0.000000 1.000000 -0.000000 0.000000
-0.000000 -0.000000 1.000000 -0.000000
-0.000000 0.026435 0.000000 1.000000
0.017454 -0.999842 -0.003492 0.000000
0.000061 -0.003492 0.999994 0.000000
-0.999848 -0.017454 -0.000000 -0.000000
0.105982 -0.935677 -1.703533 1.000000
BoneName: mixamorig:RightHandPinky1
BoneIndex: 52
BoneParentIndex: 35
BoneChildCount: 1
53
1.000000 -0.000014 -0.000000 0.000000
0.000014 1.000000 0.000001 0.000000
0.000000 -0.000001 1.000000 -0.000000
-0.051562 0.104483 -0.005184 1.000000
0.017467 -0.999841 -0.003489 0.000000
0.000061 -0.003488 0.999994 0.000000
-0.999847 -0.017467 -0.000000 -0.000000
0.125006 -0.834576 -1.698234 1.000000
BoneName: mixamorig:RightHandPinky2
BoneIndex: 53
BoneParentIndex: 52
BoneChildCount: 1
54
1.000000 0.000012 0.000000 0.000000
-0.000012 1.000000 0.000002 0.000000
-0.000000 -0.000002 1.000000 -0.000000
-0.000000 0.023399 0.000000 1.000000
0.017455 -0.999842 -0.003487 0.000000
0.000061 -0.003487 0.999994 0.000000
-0.999848 -0.017456 0.000000 -0.000000
0.124996 -0.857979 -1.698233 1.000000
BoneName: mixamorig:RightHandPinky3
BoneIndex: 54
BoneParentIndex: 53
BoneChildCount: 1
55
1.000000 0.000000 -0.000000 0.000000
0.000000 1.000000 -0.000000 0.000000
-0.000000 -0.000000 1.000000 -0.000000
-0.000000 0.021396 0.000000 1.000000
0.017460 -0.999842 -0.003488 0.000000
0.000061 -0.003488 0.999994 0.000000
-0.999848 -0.017460 0.000000 -0.000000
0.125000 -0.879373 -1.698234 1.000000
BoneName: mixamorig:RightHandPinky4
BoneIndex: 55
BoneParentIndex: 54
BoneChildCount: 0
1.000000 0.000000 -0.000000 0.000000
0.000000 1.000000 -0.000000 0.000000
-0.000000 -0.000000 1.000000 -0.000000
-0.000000 0.016098 0.000000 1.000000
0.017460 -0.999842 -0.003488 0.000000
0.000061 -0.003488 0.999994 0.000000
-0.999848 -0.017460 0.000000 -0.000000
0.125000 -0.895471 -1.698234 1.000000
BoneName: mixamorig:LeftUpLeg
BoneIndex: 56
BoneParentIndex: 1
BoneChildCount: 1
57
-1.000000 0.000002 -0.000000 0.000000
-0.000002 -0.994271 -0.106885 0.000000
-0.000000 -0.106885 0.994271 -0.000000
0.122018 -0.019950 -0.000132 1.000000
-1.000000 -0.000001 0.000001 0.000000
0.000000 -0.994271 -0.106885 0.000000
0.000001 -0.106885 0.994271 -0.000000
0.122017 1.214680 0.128993 1.000000
BoneName: mixamorig:LeftLeg
BoneIndex: 57
BoneParentIndex: 56
BoneChildCount: 1
58
1.000000 -0.000001 0.000007 0.000000
-0.000001 0.962984 0.269560 0.000000
-0.000007 -0.269560 0.962984 -0.000000
0.000000 0.554717 -0.000000 1.000000
-1.000000 0.000001 0.000008 0.000000
0.000000 -0.986279 0.165087 0.000000
0.000008 0.165087 0.986279 -0.000000
0.122017 0.670304 -0.053682 1.000000
BoneName: mixamorig:LeftFoot
BoneIndex: 58
BoneParentIndex: 57
BoneChildCount: 1
59
0.989803 0.049877 -0.133423 0.000000
-0.137578 0.577398 -0.804788 0.000000
0.036898 0.814938 0.578372 -0.000000
0.000000 0.564900 -0.000000 1.000000
-0.989804 0.137573 -0.036893 0.000000
-0.071218 -0.702335 -0.708275 0.000000
-0.123350 -0.698426 0.704972 -0.000000
0.133193 0.087276 0.059351 1.000000
BoneName: mixamorig:LeftToeBase
BoneIndex: 59
BoneParentIndex: 58
BoneChildCount: 1
60
0.997093 -0.069402 -0.031437 0.000000
0.026499 0.702750 -0.710943 0.000000
0.071433 0.708044 0.702546 -0.000000
-0.000000 0.160000 0.000000 1.000000
-0.995315 0.096679 0.000784 0.000000
-0.000002 0.008090 -0.999967 0.000000
-0.096682 -0.995283 -0.008052 -0.000000
0.135987 -0.089773 -0.000280 1.000000
BoneName: mixamorig:LeftToe_End
BoneIndex: 60
BoneParentIndex: 59
BoneChildCount: 0
1.000000 0.000000 -0.000000 0.000000
0.000000 1.000000 -0.000000 0.000000
-0.000000 -0.000000 1.000000 -0.000000
-0.000000 0.123971 0.000000 1.000000
-0.995315 0.096679 0.000784 0.000000
-0.000002 0.008090 -0.999967 0.000000
-0.096682 -0.995283 -0.008052 -0.000000
0.135987 -0.213744 -0.000280 1.000000
BoneName: mixamorig:RightUpLeg
BoneIndex: 61
BoneParentIndex: 1
BoneChildCount: 1
62
-1.000000 0.000002 -0.000000 0.000000
-0.000002 -0.994271 -0.106885 0.000000
-0.000000 -0.106885 0.994271 -0.000000
-0.122018 -0.019948 -0.000132 1.000000
-1.000000 -0.000000 0.000000 0.000000
0.000000 -0.994271 -0.106885 0.000000
0.000000 -0.106885 0.994271 -0.000000
-0.122018 1.214681 0.128992 1.000000
BoneName: mixamorig:RightLeg
BoneIndex: 62
BoneParentIndex: 61
BoneChildCount: 1
63
1.000000 -0.000000 -0.000000 0.000000
0.000000 0.962984 0.269559 0.000000
-0.000000 -0.269559 0.962984 -0.000000
-0.000000 0.554719 0.000000 1.000000
-1.000000 0.000000 0.000000 0.000000
-0.000000 -0.986279 0.165087 0.000000
0.000000 0.165087 0.986279 -0.000000
-0.122018 0.670304 -0.053681 1.000000
BoneName: mixamorig:RightFoot
BoneIndex: 63
BoneParentIndex: 62
BoneChildCount: 1
64
0.989805 -0.049873 0.133413 0.000000
0.137568 0.577399 -0.804789 0.000000
-0.036895 0.814937 0.578374 -0.000000
0.000000 0.564900 -0.000000 1.000000
-0.989805 -0.137569 0.036895 0.000000
0.071214 -0.702337 -0.708274 0.000000
0.123349 -0.698425 0.704973 -0.000000
-0.133193 0.087277 0.059352 1.000000
BoneName: mixamorig:RightToeBase
BoneIndex: 64
BoneParentIndex: 63
BoneChildCount: 1
65
0.997094 0.069396 0.031441 0.000000
-0.026492 0.702749 -0.710944 0.000000
-0.071432 0.708045 0.702545 -0.000000
-0.000000 0.160000 -0.000000 1.000000
-0.995315 -0.096684 -0.000781 0.000000
-0.000002 0.008090 -0.999967 0.000000
0.096687 -0.995282 -0.008052 -0.000000
-0.135986 -0.089774 -0.000280 1.000000
BoneName: mixamorig:RightToe_End
BoneIndex: 65
BoneParentIndex: 64
BoneChildCount: 0
1.000000 0.000000 -0.000000 0.000000
0.000000 1.000000 -0.000000 0.000000
-0.000000 -0.000000 1.000000 -0.000000
0.000000 0.123971 0.000000 1.000000
-0.995315 -0.096684 -0.000781 0.000000
-0.000002 0.008090 -0.999967 0.000000
0.096687 -0.995282 -0.008052 -0.000000
-0.135986 -0.213744 -0.000280 1.000000
BoneName: mixamorig:Ribbon1
BoneIndex: 66
BoneParentIndex: 1
BoneChildCount: 1
67
-1.000000 0.000002 -0.000000 0.000000
-0.000002 -0.999607 -0.028044 0.000000
-0.000000 -0.028044 0.999607 -0.000000
-0.000000 -0.213034 -0.144050 1.000000
-1.000000 -0.000000 -0.000000 0.000000
0.000000 -0.999607 -0.028044 0.000000
-0.000000 -0.028044 0.999607 -0.000000
-0.000000 1.024028 0.171126 1.000000
BoneName: mixamorig:Ribbon2
BoneIndex: 67
BoneParentIndex: 66
BoneChildCount: 1
68
1.000000 0.000000 -0.000000 0.000000
0.000000 0.999607 0.028044 0.000000
-0.000000 -0.028044 0.999607 -0.000000
-0.000000 0.241178 0.000000 1.000000
-1.000000 -0.000000 0.000000 0.000000
0.000000 -1.000000 0.000000 0.000000
-0.000000 0.000000 1.000000 -0.000000
-0.000000 0.787341 0.149104 1.000000
BoneName: mixamorig:Ribbon3
BoneIndex: 68
BoneParentIndex: 67
BoneChildCount: 0
1.000000 0.000000 -0.000000 0.000000
0.000000 1.000000 -0.000000 0.000000
-0.000000 -0.000000 1.000000 -0.000000
0.000000 0.182152 -0.000000 1.000000
-1.000000 -0.000000 0.000000 0.000000
0.000000 -1.000000 0.000000 0.000000
-0.000000 0.000000 1.000000 -0.000000
-0.000000 0.605190 0.149104 1.000000
BoneName: Nightshade
BoneIndex: 69
BoneParentIndex: 0
BoneChildCount: 0
1.000000 0.000000 -0.000000 0.000000
0.000000 1.000000 -0.000000 0.000000
-0.000000 -0.000000 1.000000 -0.000000
0.000000 0.000000 -0.000000 1.000000
1.000000 0.000000 0.000000 0.000000
0.000000 1.000000 0.000000 0.000000
0.000000 0.000000 1.000000 0.000000
0.000000 0.000000 0.000000 1.000000
